100
79965
92806
22726
91376
98843
71562
11531
95835
96253
59041
95316
78930
62624
91355
10085
22890
91584
92483
20983
94137
90484
38522
10
59117
54146
67236
16858
44431
4331
723
37049
35719
22416
3
41455
96028
2
52337
53856
90689
3800
34215
52242
95877
8192
64042
17313
93293
16384
88485
39663
93528
46848
81042
46746
70936
30536
42963
14427
42354
2180
46039
90931
59614
19469
94272
94346
91693
54093
27298
64811
52448
82462
8111
94889
1
98048
91083
42376
4096
64
99035
1024
39093
42138
49771
45422
97168
91660
31388
92234
27590
73820
1318
2
47037
48823
79943
10088
50000
