100
10 10
420358227 211088610 3 5 376355804 10599 71454 93202 76900 7
0 0
4 5
2 9
5 7
0 4
3 4
4 5
0 7
5 6
2 2
9 10
96123 938899277 2 1 932930500 5 947994514 631825290 328360320
2 4
2 5
6 6
8 8
5 7
6 8
2 7
1 3
0 7
6 8
9 5
98956 321167088 197222120 63621 8 3 707157239 546015008 7
5 5
2 6
4 6
1 5
0 5
7 2
29212 37480 3 397480077 8 2 10
2 4
3 5
7 2
5 3 951879477 4 826129654 3 91037
3 5
2 5
10 10
790208766 58946 82280 555159685 86338685 53763 781041738 466151113 5886 333346541
2 4
3 3
9 9
1 3
1 9
1 8
4 5
0 4
0 3
0 1
2 9
59713 346876837
0 0
0 0
0 1
1 1
0 0
0 0
0 0
0 1
0 0
4 2
3 96715 9866 20269
2 3
1 2
10 10
182447564 8634 595866088 425503020 179872036 6 48670 1 321512655 10
8 9
1 4
3 5
3 8
0 8
5 6
5 6
3 9
4 9
2 4
7 8
10 9 333193717 479302219 3 4 907115988
0 3
4 6
4 6
1 3
0 4
1 3
3 4
2 6
10 10
3 35575 79202575 480187658 78225 8 973307297 110058675 10 859161633
4 6
4 9
6 7
3 4
3 7
2 3
0 1
3 5
4 6
4 6
1 4
31350
0 0
0 0
0 0
0 0
5 7
956480171 10 851984700 27314 53674
0 1
0 2
1 3
2 3
2 3
0 1
1 4
10 10
8 10 151031190 6 22537 5849 2 19742 8 59238
3 4
2 9
1 7
1 8
0 0
5 5
9 9
3 4
1 6
5 5
10 10
465387604 5 3 929 849505628 23873 651117969 7 8 88940
0 4
0 3
5 9
4 4
0 5
2 4
0 0
4 6
4 8
1 4
3 3
1000000000 32767 1
0 1
1 2
2 2
4 6
971604386 7 3 3
0 1
1 2
2 3
1 2
0 3
0 2
5 6
13145 91297 657710711 2 12990
2 4
1 2
0 4
1 3
0 1
0 3
7 3
730285433 544475137 10272 880999061 3 9 5
5 6
2 3
2 5
3 8
6 3 7516
0 2
0 2
0 1
0 1
0 2
1 1
1 2
0 0
10 2
63998 5 34109 2 77777 61361172 829895458 2 22693 649382408
1 9
2 9
9 7
96471 26949 44022 6 22970 524730504 30244 44864363 9
4 7
0 3
5 6
2 5
4 5
3 3
0 1
10 8
1 15050 6 8 10 87466 21642 8 3 79908
3 9
0 7
4 5
2 5
3 6
3 8
3 9
4 6
6 10
2 2 45096 43561 421906884 36280
2 3
1 3
2 4
1 2
1 3
0 1
3 5
0 5
0 2
1 4
6 8
62414400 5 66707 72104 57433 44916
0 0
0 2
0 0
0 3
0 3
0 3
0 2
1 5
10 10
356865004 10 337193237 1426 64531 9 9 96449 4 5
3 7
5 6
7 9
0 1
8 8
3 9
4 8
0 8
4 7
2 7
4 6
9 94754 41482 773664585
0 1
1 3
0 2
1 2
1 1
0 1
1 3
986462980
0 0
0 0
0 0
7 2
1 825801512 9 88355 35221485 722345012 5
0 1
3 5
8 1
3 79281 61100 9 1399 387437556 990404315 9
1 4
10 10
75054 10 345337074 249253851 213454008 8 210508825 10 15122 139222722
6 7
1 2
0 7
2 7
3 8
2 7
4 7
6 8
3 4
3 4
4 3
217672926 79625 4 9
1 2
0 0
1 3
2 6
918179244 235222753
0 1
1 1
0 0
1 1
0 1
1 1
4 3
898431823 668492455 43901 9
0 1
0 1
0 1
6 10
558841962 1 4 5 153290686 68661115
0 5
0 3
0 0
0 4
0 5
1 2
2 2
2 4
4 5
1 4
3 8
1 713669997 9
0 1
0 1
0 2
2 2
1 2
1 1
0 1
1 1
3 2
10 1 84925
0 2
1 1
8 7
6 8 8 31850868 8 896383699 26004 78856
3 7
1 5
2 6
2 7
7 7
3 6
1 5
7 5
6 3404 7 41885 4 599400379 2
3 5
1 6
4 4
3 4
1 3
10 10
3301 391560757 231664326 187216844 3 42790 60862 5813 8707 878894138
6 6
1 5
4 4
1 1
0 0
5 6
2 9
0 4
3 7
0 6
10 10
417178266 721702680 7 88325 93848 2 52120 6 408478761 10
7 9
5 8
2 6
0 9
0 4
2 3
7 9
6 6
7 9
4 9
3 6
1 10 470942324
1 2
2 2
0 2
0 1
1 1
1 2
10 10
4 59776 3 2 450904447 7 988441039 31105 114519404 12443
1 1
5 9
4 7
7 8
5 9
6 7
0 4
2 3
8 9
4 6
4 4
59832 72899 283997640 9
0 2
1 3
0 0
1 2
10 10
7 673230456 442987162 314088146 2148 41173 30108 448399128 941007810 8
6 9
5 8
7 9
0 7
1 9
0 3
1 8
8 9
2 7
2 3
5 7
5 988896442 9 763464605 21223
3 4
1 4
1 3
2 4
1 4
2 3
1 4
8 10
7 968546092 52983 848849097 8950 521942935 44546400 9
5 7
7 7
0 4
6 7
5 7
2 3
2 2
2 7
1 2
1 4
10 10
2 17407 10188 940383174 44155 8 9 34772767 8 4
0 2
0 5
1 4
0 3
7 9
0 5
1 4
0 7
1 3
4 6
3 8
2 215247002 45231
2 2
0 1
0 1
2 2
0 2
0 1
1 2
0 2
8 5
28266 8 4 45115 137037925 60234 774898944 721341281
0 1
7 7
1 2
4 7
1 3
1 2
494275495
0 0
0 0
7 4
7 32547 15984 473638038 105448344 3 21932
0 4
0 6
0 4
1 5
10 8
8 933762627 9 624772441 6112 61995 399325317 9 236767685 60467
2 3
1 1
1 5
3 8
1 2
3 3
2 9
4 5
8 6
758012070 760599008 98611 8 912663397 6 52199246 301098385
1 1
3 4
5 7
5 7
3 6
5 7
1 4
1
0 0
0 0
0 0
0 0
4 9
611 5 260888125 9
1 3
0 3
1 2
2 2
0 0
0 0
0 2
2 2
0 0
3 2
1 2 3
0 1
1 2
6 3
989811693 4 101306953 753512934 8 698211989
3 4
0 5
0 4
10 1
813071049 160273909 47902 22857 5 414923828 4 7 849134716 8
4 7
9 3
8 14686 4047 4 99310 6 5 83730 47848
0 1
3 7
4 6
7 8
10 9081 7 5 9 97329 64774
4 6
1 3
3 4
0 2
0 2
1 4
0 4
0 6
6 5
674279346 193149184 70543 647790341 510117748 66133
1 4
0 2
0 1
0 5
1 3
3 3
354353425 453523523 543557893
0 1
1 2
0 2
7 6
3 27163 10 28983 139682995 70633 30300
0 1
2 3
1 6
3 4
6 6
3 3
10 10
52037 68065 8 8695 2 349989028 429615864 424108107 223966098 42199
6 9
1 4
1 4
6 8
3 5
8 9
0 3
5 6
0 7
6 6
10 10
1 17066 8 57001 6 6838 93026 8 8 247148514
0 2
0 8
3 6
1 7
1 3
1 2
2 4
3 6
3 6
1 5
6 10
2 254011390 10 8 7 610157823
1 2
0 1
0 2
2 2
4 5
1 4
4 5
2 3
0 4
1 2
7 7
10528940 1 192409503 65887190 8 6 4
0 6
0 4
0 1
3 6
5 5
3 5
0 5
6 3
59443 38549 9 74553 7 97250
0 5
0 0
2 3
3 10
2 46157 95179
0 1
0 0
0 1
0 0
1 1
1 2
0 1
0 1
0 2
0 2
1 1
1000000000
0 0
9 8
55837 15566 64290 6 86740 6 10 881451298 86686
3 8
0 3
3 6
1 5
4 6
5 8
6 8
0 7
5 2
1 3 103582322 62028999 2
0 3
0 2
6 2
783745204 14479 1 60197 7 667834826
0 5
2 4
1 6
51528
0 0
0 0
0 0
0 0
0 0
0 0
10 10
2 3 11448 91634765 988226918 5 299797494 895923144 970509865 7419
6 6
3 9
3 8
2 4
2 8
9 9
0 2
4 6
3 3
6 7
10 10
37620 912056114 828329928 147703140 1229 1 80962 390154817 892055910 9
6 9
1 4
3 8
1 9
4 9
6 9
6 8
2 6
4 9
0 8
5 7
13788 80846 914958060 29120 1
2 2
0 0
1 4
1 3
2 4
2 4
2 4
10 10
423297453 172091072 765674440 31911 702767562 48208 212405077 373859182 2 771906364
3 7
2 8
5 8
4 9
0 7
1 3
0 1
4 5
3 7
4 7
8 4
33495 988433970 237583523 10 3 63910 3 93161
1 3
1 3
3 3
2 6
4 7
170002141 70530 8 87507
1 2
0 1
0 0
0 1
1 2
1 3
0 1
2 10
67597 76283
0 0
1 1
0 1
0 1
0 1
0 1
0 1
0 0
0 1
0 1
6 3
10 10 4 6 4 13412
0 5
2 3
4 5
7 6
904753425 88116 6 38058 18942 64814 10
4 6
3 3
1 4
3 4
1 3
3 4
7 10
911665478 992347158 195998401 90693 48623005 327318928 97378
1 3
5 6
1 1
4 4
4 6
3 6
5 6
1 3
0 3
0 4
10 10
4 762306954 1256 8 626774433 9 33158 83088 231233744 4
2 7
1 8
3 6
5 6
6 9
6 9
1 4
0 5
6 7
5 9
1 4
347126144
0 0
0 0
0 0
0 0
5 8
40619 5579 24049 9 4
3 4
2 4
0 0
1 3
1 3
0 2
1 4
2 3
3 9
408303471 92801545 90947
0 1
1 2
0 2
0 0
0 1
1 1
0 2
0 2
2 2
7 3
7 55650 70301 85912 3 6 4
0 4
5 6
3 6
9 8
859308191 7 724339375 6 9 5 420416940 2 412817058
4 6
1 8
4 6
1 7
7 8
1 4
6 7
1 7
5 9
6590 37794 454830505 96948 9
0 4
1 2
1 2
2 4
2 2
1 4
0 3
3 4
3 3
2 2
1 4
0 0
0 1
4 7
52782 88198 409518845 40888
0 3
2 3
0 3
0 2
3 3
1 2
0 2
5 6
25308 684290275 472711990 85783 81834
0 4
2 2
0 0
1 1
2 4
0 1
1 1
14532
0 0
7 9
7786 226134776 3 79417 941922800 27565 7
1 5
0 1
3 3
2 4
0 4
1 5
2 4
0 4
0 2
10 10
8 551014759 8 737026376 840571617 76472291 5 77438 267514793 10
0 5
4 9
3 7
3 4
3 3
2 9
7 8
0 4
0 5
8 9
7 3
3 162728088 781846028 5 853850434 8 95440
0 5
2 2
0 5
3 7
2 4 3
0 1
0 2
0 1
2 2
0 2
1 2
1 2
