10
100 100
67 77 158
3 20 5
78 94 5
12 2 4
32 43 1
2 54 2
73 3 166
5 6 703
20 45 537
84 34 222
81 91 10
49 69 809
75 98 7
14 21 95
47 52 8
60 78 10
80 24 856
23 92 370
15 65 7
61 62 1
89 50 237
94 10 343
86 20 3
56 7 4
42 62 5
29 94 3
70 65 1
55 29 950
1 8 966
83 94 5
7 83 5
48 7 5
3 30 638
27 53 8
74 78 402
25 62 3
7 65 9
57 3 972
43 51 9
14 82 49
94 76 2
8 98 8
28 94 10
6 68 661
99 98 5
33 77 791
12 22 356
18 3 787
19 10 39
32 54 6
39 7 9
48 79 129
12 9 508
37 72 85
88 97 863
39 37 583
71 59 912
32 62 2
16 71 394
44 25 480
2 11 7
0 12 9
93 9 185
38 98 633
79 7 135
49 26 607
11 92 7
60 80 10
88 32 10
14 52 979
16 63 2
39 90 2
63 65 2
17 89 838
15 32 10
1 67 335
34 29 258
81 94 1
65 13 407
70 41 7
4 24 121
54 46 206
52 32 3
56 40 7
66 32 2
49 31 808
85 94 7
30 95 564
94 50 7
92 36 156
32 6 867
87 66 86
58 45 556
92 64 225
35 84 549
86 39 5
86 99 7
32 27 9
14 96 322
26 15 286
100 100
89 21 1
23 86 337
26 25 1
51 39 5
12 91 417
5 41 349
82 60 9
58 63 772
57 92 9
50 85 801
44 65 826
87 65 297
24 94 3
94 79 4
64 62 5
11 84 386
85 56 746
12 62 3
39 65 5
40 72 651
53 16 589
52 21 8
57 4 18
45 40 5
94 92 8
26 60 5
80 74 649
49 99 9
82 78 7
0 6 7
36 88 909
0 92 3
76 25 2
90 81 649
49 32 165
39 68 777
60 98 502
6 34 3
6 2 105
49 70 720
18 9 125
77 98 457
20 10 881
97 63 7
48 39 9
31 46 907
55 64 131
46 17 407
14 42 8
53 49 259
79 35 1
84 18 4
1 0 839
0 48 10
22 64 436
28 79 2
67 66 292
92 15 146
47 29 203
27 1 826
90 6 7
88 94 71
43 5 799
62 27 6
45 20 9
41 64 5
21 48 6
84 0 8
76 66 9
95 17 497
33 69 359
84 17 7
19 48 897
84 42 3
77 61 33
20 63 2
18 23 6
36 71 282
84 25 8
0 62 7
42 30 42
9 54 597
3 32 272
24 99 1
83 12 839
15 96 929
22 37 40
29 10 869
69 85 2
79 80 10
99 85 7
25 45 5
93 51 842
25 59 1
7 25 7
48 8 767
94 38 744
13 59 9
73 89 1
35 75 915
100 100
69 4 906
32 52 49
51 64 606
13 76 439
38 77 3
16 44 335
80 21 3
73 64 938
41 56 67
39 18 28
2 56 5
0 35 2
77 84 2
87 28 1
80 65 931
91 87 219
45 69 175
96 85 967
58 81 364
15 29 140
82 97 841
33 20 388
58 74 63
30 5 948
7 6 993
87 99 2
1 0 884
72 16 587
90 28 2
49 28 2
6 0 9
76 79 730
93 19 182
73 98 2
70 35 6
2 73 9
83 97 8
42 0 3
88 56 411
14 42 904
20 24 3
3 58 8
59 50 312
46 45 102
49 93 8
44 17 80
40 61 8
42 63 99
94 10 4
95 29 6
49 61 6
29 21 6
31 20 7
60 62 187
44 27 758
12 6 471
87 77 8
42 75 207
23 67 468
58 20 9
77 21 4
26 77 7
93 69 8
92 84 4
99 56 1
70 1 875
77 11 5
28 66 9
7 68 45
56 9 8
18 99 3
97 99 10
92 47 1
53 48 714
28 76 1
34 32 2
10 50 2
63 62 233
2 32 5
5 67 4
70 36 867
54 48 486
89 97 781
15 96 686
57 63 786
11 22 160
29 43 801
31 8 442
10 29 6
35 67 6
94 55 9
0 87 10
48 38 940
78 81 952
99 16 2
32 86 204
67 58 4
37 56 727
83 71 428
25 11 5
100 100
84 31 6
77 75 3
98 15 7
25 47 1
83 62 8
2 63 1
96 75 10
41 20 76
43 90 764
56 51 736
89 63 122
85 99 992
98 55 376
80 33 209
48 36 4
18 45 997
76 91 10
23 26 8
32 4 6
87 75 694
52 66 980
25 4 2
24 50 889
68 19 722
49 69 1
67 39 962
45 41 808
75 17 7
13 78 797
7 91 3
14 17 7
58 75 179
37 2 225
1 72 461
83 60 971
52 86 9
39 3 5
39 29 19
64 13 768
40 46 472
73 57 3
74 75 4
47 35 461
11 52 131
55 30 225
51 9 4
28 26 7
83 53 4
53 4 1
57 99 432
27 0 762
36 54 746
32 19 3
61 49 10
96 50 173
62 90 240
80 64 688
69 42 10
94 31 10
97 17 2
62 69 8
28 75 2
71 62 7
70 93 405
74 5 701
5 81 597
17 3 2
45 74 676
80 75 10
36 44 4
92 0 290
75 4 6
76 70 3
40 12 356
34 81 772
46 61 1
32 86 3
2 1 917
98 96 8
57 82 159
91 17 9
2 28 8
38 31 7
83 73 7
45 95 794
29 10 307
75 59 433
51 36 5
6 89 798
26 87 685
0 62 8
88 79 512
16 46 74
8 15 772
71 65 577
32 22 2
82 88 431
84 36 6
25 36 7
94 21 945
100 100
89 90 725
32 83 747
55 90 757
62 77 347
42 22 554
3 57 1
43 82 3
72 0 5
59 25 631
53 52 633
60 74 1
5 72 108
82 67 5
80 68 707
98 10 812
37 32 6
34 16 5
10 74 3
90 99 6
71 12 821
95 27 627
37 44 1
23 80 10
17 35 5
26 88 4
95 51 140
99 8 10
74 97 2
58 10 66
36 91 1
68 76 822
49 24 372
40 73 149
80 50 2
8 12 5
17 93 5
12 31 6
60 65 9
66 1 328
96 13 226
4 61 906
99 95 186
3 74 10
56 39 419
35 32 3
28 3 147
86 0 235
75 64 668
99 62 6
50 60 10
72 45 7
16 99 9
30 15 731
87 75 906
11 60 506
46 66 4
4 57 3
65 33 234
14 8 156
20 38 696
82 79 574
69 17 5
52 74 18
67 63 8
24 62 1
42 94 391
75 38 171
84 87 675
92 48 4
67 56 1
7 82 10
88 62 5
47 82 266
92 10 1
96 81 315
18 21 91
80 85 158
74 0 7
34 41 937
84 29 3
2 91 866
70 97 285
22 24 2
35 99 7
63 32 1
6 91 540
1 0 357
54 37 726
99 46 8
46 19 81
61 9 118
35 0 9
59 78 406
0 18 524
25 29 5
35 29 7
88 30 10
17 91 7
81 65 7
40 47 541
100 100
86 4 2
87 41 10
35 27 9
89 16 241
50 14 5
74 5 7
97 4 7
80 31 3
71 57 102
53 80 280
2 57 460
1 77 716
56 55 7
61 37 804
72 87 416
29 23 403
8 17 279
31 46 3
87 45 3
0 1 722
18 96 670
85 77 10
13 54 6
56 60 732
0 22 830
10 79 915
17 27 9
44 28 218
91 88 88
76 35 915
83 11 1
16 98 8
27 21 513
77 0 6
87 17 5
3 0 644
9 99 3
50 61 3
45 4 5
11 48 917
13 52 785
90 14 938
17 70 49
56 87 8
95 84 213
94 56 164
95 91 2
16 86 8
6 54 786
82 97 762
69 34 487
46 86 2
50 30 6
92 74 6
61 63 770
64 78 153
49 59 324
91 0 3
55 99 6
61 29 122
69 40 6
7 29 305
46 47 2
11 20 10
75 46 944
81 23 690
32 35 563
40 56 5
44 80 357
50 40 5
25 41 1
29 71 218
85 96 5
25 59 901
73 46 7
54 55 3
21 58 847
42 30 6
65 98 3
77 4 6
78 7 418
36 74 344
11 66 351
87 93 7
38 86 5
68 79 2
24 13 528
26 11 534
79 85 1
8 39 239
73 43 1
11 96 7
0 19 7
15 4 577
62 42 394
74 56 2
94 51 115
67 87 4
33 38 608
4 12 209
100 100
21 25 8
33 88 328
24 62 7
42 52 992
29 13 9
84 1 805
39 55 6
82 47 8
19 93 5
30 79 636
9 93 91
49 84 7
66 49 1
51 22 552
56 51 721
33 47 6
34 78 26
59 46 669
66 8 3
81 53 982
67 53 445
85 21 2
6 91 148
63 59 10
63 19 10
23 99 431
73 52 285
97 64 312
78 83 582
77 49 676
90 84 5
0 76 751
49 3 2
12 45 7
5 52 756
96 65 107
85 78 4
70 50 793
98 87 687
51 55 4
4 89 231
9 91 81
26 24 614
79 4 2
48 83 129
35 11 1
20 14 222
95 54 504
61 76 363
21 40 49
0 57 8
78 23 769
40 86 979
79 94 1
95 33 5
1 0 810
50 65 340
71 23 734
24 60 1
49 32 3
10 45 10
67 63 10
77 43 212
65 67 6
15 70 935
72 68 17
79 38 1
94 44 7
0 84 5
63 38 8
7 82 3
28 62 631
80 79 5
27 47 390
72 78 238
52 63 1
12 97 5
14 56 783
84 69 1
0 25 2
13 18 8
2 62 3
67 0 5
82 0 9
65 16 9
94 41 462
13 45 5
57 17 465
84 55 2
62 94 6
25 13 5
75 65 818
98 0 393
11 49 1
36 16 6
58 16 1
44 37 650
92 57 493
47 31 590
74 88 4
100 100
48 10 939
0 66 10
96 12 527
42 48 916
53 0 363
5 42 647
33 51 946
16 73 149
76 91 891
0 1 786
90 58 139
51 35 7
30 49 491
11 58 2
36 35 516
34 26 783
82 12 6
47 97 8
32 78 2
35 47 8
4 49 3
76 93 434
26 76 7
18 73 70
3 66 358
2 45 555
89 32 7
83 31 25
99 17 1
12 35 2
92 72 3
98 51 6
84 69 272
4 9 8
43 82 735
99 87 649
24 0 6
75 58 998
70 80 15
26 25 4
19 61 246
32 57 5
56 54 548
70 38 607
31 79 696
24 44 1
94 79 840
78 55 624
31 16 6
44 1 778
22 29 288
89 63 3
50 66 881
72 0 8
67 7 170
19 31 5
72 35 2
17 58 8
31 35 8
6 28 763
17 52 5
62 53 85
52 45 4
74 17 7
84 78 645
99 63 6
81 19 9
77 15 516
22 32 8
26 27 6
85 63 2
41 68 307
70 72 1
40 4 448
75 59 462
52 20 673
0 99 1
26 86 4
77 8 271
21 72 10
65 91 931
19 71 74
27 9 7
8 22 6
37 74 830
99 56 6
7 66 4
98 48 2
51 88 2
23 70 784
30 13 717
46 74 960
0 26 7
41 26 7
51 60 3
27 14 10
64 85 4
2 95 872
28 49 499
39 77 467
100 100
25 81 980
80 53 145
5 77 8
15 18 320
21 68 6
5 31 5
65 40 107
94 74 3
50 3 2
36 92 3
16 2 3
69 70 855
19 0 10
43 88 3
97 20 581
58 36 544
44 5 2
11 44 178
75 23 8
45 96 4
29 24 10
68 2 5
44 41 7
48 92 6
85 63 963
74 78 8
23 8 193
99 42 9
56 71 389
7 49 126
43 99 3
57 17 790
15 47 586
27 28 245
60 77 898
34 29 545
68 62 307
75 29 7
95 69 10
47 67 973
79 31 5
5 42 8
32 65 32
92 42 7
20 96 997
90 3 276
28 5 6
87 70 651
83 20 669
6 98 7
29 26 10
9 71 6
63 91 664
47 43 6
13 45 288
59 54 438
45 3 8
14 86 542
38 68 806
65 5 8
47 72 162
74 99 4
16 82 202
51 49 814
5 0 5
81 14 101
35 60 507
20 30 531
10 98 737
88 93 325
54 0 1
85 49 9
52 96 23
57 29 1
61 66 8
76 0 1
5 3 5
20 89 876
9 79 1
9 81 5
29 1 392
43 10 465
55 61 8
84 94 501
73 79 3
12 69 9
46 19 884
22 25 781
75 44 10
39 61 4
1 0 417
29 53 736
85 37 9
85 42 1
55 68 10
54 12 7
99 55 6
4 21 721
79 64 137
33 3 356
100 100
30 71 588
20 78 81
61 68 395
45 68 5
60 27 2
10 97 8
15 52 946
18 54 6
27 88 825
11 95 901
51 79 2
2 31 3
37 22 1000
12 23 682
49 83 4
6 84 3
78 53 308
79 9 3
87 41 118
67 48 142
64 70 1
96 83 3
37 0 9
84 36 100
66 96 8
60 6 9
1 84 790
86 2 2
35 71 326
62 63 603
73 49 9
69 5 992
44 47 545
50 51 421
61 43 912
29 33 2
55 58 446
90 89 653
66 98 497
83 42 923
69 81 946
46 44 941
8 16 136
80 55 565
74 56 1
0 85 10
38 34 147
6 51 4
16 19 9
48 31 6
13 37 8
3 41 831
30 76 421
70 97 8
41 72 221
90 5 7
14 81 253
51 31 1
37 32 491
82 25 93
74 49 4
73 24 959
58 79 9
13 6 4
57 12 149
65 93 210
91 20 79
7 98 59
50 94 139
19 75 5
17 49 8
52 33 3
98 99 534
62 79 6
51 51 1
49 37 8
75 40 477
89 77 853
21 79 12
20 90 10
49 68 9
72 26 269
87 75 234
19 84 4
13 65 7
18 58 4
39 33 807
60 29 4
10 28 7
51 97 4
38 47 2
71 49 10
60 12 8
25 47 775
38 64 2
97 90 4
97 92 508
11 2 2
65 59 312
4 58 1
